100 372
0 2.7 75.4
1 67.6 85.0
2 77.5 6.5
3 61.9 0.3
4 51.8 25.7
5 70.1 49.5
6 33.0 37.6
7 2.8 84.3
8 44.7 58.1
9 54.8 82.4
10 70.3 99.5
11 75.4 79.5
12 51.8 38.9
13 9.1 59.1
14 51.9 85.7
15 92.6 65.3
16 18.2 72.9
17 87.9 49.6
18 94.0 76.5
19 14.0 77.8
20 40.6 94.2
21 86.0 24.4
22 40.5 40.3
23 10.1 21.1
24 10.5 48.5
25 15.2 65.1
26 88.3 6.4
27 75.0 98.5
28 44.3 45.5
29 61.7 59.2
30 48.8 78.8
31 61.4 29.2
32 88.3 82.7
33 12.7 64.1
34 63.0 54.1
35 69.7 56.3
36 16.5 13.9
37 54.6 59.3
38 67.0 21.9
39 8.2 34.1
40 35.4 90.5
41 22.6 41.0
42 58.7 99.8
43 52.1 12.6
44 57.2 35.1
45 16.3 3.1
46 64.1 36.1
47 27.8 67.8
48 60.8 97.2
49 33.0 51.0
50 51.4 90.4
51 92.4 38.5
52 71.8 64.7
53 93.7 86.4
54 58.8 64.2
55 47.5 99.1
56 36.7 25.5
57 85.4 13.1
58 40.2 86.5
59 81.1 8.3
60 19.8 28.8
61 12.3 23.7
62 29.0 93.1
63 34.9 54.3
64 20.5 57.9
65 24.8 25.6
66 99.7 53.7
67 44.6 14.7
68 11.1 28.1
69 11.0 4.9
70 85.3 63.5
71 75.2 75.1
72 12.6 5.5
73 41.3 77.8
74 18.9 47.3
75 36.9 91.1
76 3.8 8.1
77 95.5 52.4
78 7.2 25.1
79 26.0 56.9
80 82.9 12.8
81 3.0 6.4
82 49.8 78.1
83 82.3 36.1
84 59.9 75.8
85 6.2 88.1
86 35.1 96.3
87 85.6 47.4
88 98.4 87.7
89 27.1 41.9
90 71.2 28.6
91 2.3 62.7
92 29.6 2.6
93 20.6 36.3
94 66.5 11.0
95 18.8 51.7
96 28.7 98.4
97 0.9 48.4
98 28.3 29.0
99 9.8 18.5
8 86
19 79
53 98
4 27
5 17
36 94
19 70
39 73
17 38
45 95
51 75
16 91
39 55
5 86
7 19
77 93
30 80
19 24
33 92
11 30
84 92
18 52
0 54
9 56
81 93
10 46
73 84
10 26
9 52
52 86
35 59
27 41
53 63
23 95
24 72
48 54
30 64
63 96
21 52
80 97
70 78
48 78
11 36
36 48
14 45
42 78
44 63
10 88
50 80
71 79
90 96
17 78
31 61
59 90
24 85
35 66
17 92
37 59
12 59
15 90
34 36
20 35
56 86
23 63
24 80
18 24
14 68
15 31
33 66
17 30
10 62
38 98
8 32
46 87
16 86
80 83
32 73
34 47
1 37
40 53
5 43
9 51
75 88
5 27
5 92
12 61
30 90
39 71
28 32
40 58
33 90
87 97
49 70
37 60
53 91
65 67
3 23
35 68
37 88
46 56
74 96
20 98
16 84
16 47
1 65
45 74
19 34
17 21
9 65
35 52
7 45
82 89
9 32
14 38
9 75
82 94
5 66
23 64
5 85
32 96
37 46
71 72
43 64
35 77
66 78
2 70
5 26
18 94
28 63
78 93
39 83
12 16
39 69
6 29
80 87
25 75
12 22
16 18
62 84
44 75
34 83
4 40
26 72
23 59
41 75
9 19
15 47
61 90
66 94
69 93
0 34
72 77
72 73
22 50
15 45
31 36
57 91
2 30
70 92
23 24
64 72
67 74
8 38
59 63
29 77
33 78
15 74
39 52
21 84
68 86
49 90
25 85
33 75
12 91
0 79
0 31
26 70
3 36
2 91
48 53
37 83
71 97
13 76
13 55
36 46
14 64
52 98
13 62
41 67
36 77
25 81
0 37
2 55
43 74
4 78
49 97
1 39
25 73
57 68
1 46
5 24
68 84
54 72
12 70
29 34
21 22
22 25
9 36
59 86
41 54
37 39
3 66
76 96
16 52
7 97
35 38
87 88
27 64
23 56
6 20
17 77
81 84
2 19
16 60
50 57
71 78
42 47
12 20
9 54
33 77
32 46
1 30
26 64
15 68
75 78
40 93
69 85
12 67
2 84
51 95
42 90
44 49
29 70
13 61
35 75
55 86
25 41
16 87
30 76
1 19
75 77
84 89
32 51
34 76
0 45
88 89
35 53
17 57
18 50
17 72
32 98
30 41
37 87
15 54
1 50
7 38
17 23
60 77
25 50
49 77
34 69
22 79
20 82
48 57
50 99
87 91
0 75
76 90
45 90
27 30
70 84
46 67
73 76
13 27
29 83
29 72
34 45
69 75
23 84
8 55
13 63
29 64
10 14
59 65
21 94
64 70
18 63
19 21
13 58
56 81
18 59
10 42
8 20
0 38
9 46
65 88
46 93
73 86
20 87
4 70
1 70
24 83
13 38
68 74
66 85
11 85
60 68
10 57
42 86
27 90
20 72
75 97
19 99
2 95
54 88
80 92
2 3
12 34
24 43
21 98
1 34
2 48
56 69
40 73
20 95
14 59
37 41
48 97
29 37
31 50
1 32
3 11
56 91
6 23
4 30
29 80
7 31
73 90
18 42
10 28
74 92
14 32
24 56
17 84
72 98
10 51
24 48
51 71
71 92
8 53
3 50
18 75
4 63
88 95
39 60
60 79
51 90
43 57
53 55
0 89
23 69
16 41
